852,
866,
499,
554,
273,
88,
491,
985,
551,
794,
432,
821,
441,
902,
635,
321,
561,
709,
947,
57,
60,
553,
203,
347,
545,
908,
715,
646,
351,
548,
449,
995,
311,
433,
444,
526,
184,
307,
120,
524,
943,
209,
58,
276,
910,
618,
57,
182,
315,
311,
493,
8,
226,
282,
284,
269,
361,
845,
131,
409,
495,
272,
243,
517,
916,
666,
701,
358,
822,
949,
335,
809,
249,
925,
379,
78,
317,
631,
293,
12,
226,
807,
931,
376,
923,
363,
459,
192,
827,
344,
473,
532,
630,
321,
573,
965,
968,
809,
710,
801,
246,
317,
191,
