576,
763,
42,
168,
669,
898,
487,
195,
319,
936,
209,
294,
708,
606,
535,
581,
550,
662,
519,
900,
952,
642,
630,
794,
679,
396,
673,
261,
569,
207,
832,
450,
205,
559,
712,
363,
19,
824,
67,
143,
812,
556,
394,
904,
552,
267,
258,
38,
889,
423,
508,
534,
18,
954,
894,
361,
642,
737,
649,
857,
318,
3,
648,
73,
545,
526,
978,
316,
587,
440,
837,
175,
438,
191,
721,
91,
208,
235,
433,
597,
36,
394,
639,
17,
918,
424,
659,
208,
516,
840,
421,
436,
482,
150,
482,
543,
991,
277,
622,
930,
967,
806,
797,
1,
