205,
291,
680,
738,
75,
817,
416,
956,
165,
631,
480,
583,
78,
194,
663,
895,
696,
522,
311,
280,
834,
612,
579,
78,
350,
531,
373,
359,
799,
839,
854,
830,
351,
687,
442,
421,
69,
654,
551,
981,
767,
304,
863,
111,
831,
744,
901,
372,
75,
979,
423,
482,
259,
641,
774,
52,
493,
79,
742,
642,
709,
230,
473,
941,
177,
912,
49,
594,
469,
235,
166,
83,
700,
396,
421,
621,
896,
629,
899,
374,
319,
765,
426,
464,
8,
286,
260,
672,
549,
327,
705,
578,
403,
66,
446,
695,
22,
488,
130,
506,
642,
958,
148,
489,
640,
675,
349,
775,
