753,
870,
918,
757,
720,
845,
417,
736,
161,
699,
572,
681,
87,
392,
491,
761,
792,
323,
931,
141,
761,
201,
556,
661,
207,
150,
730,
557,
246,
805,
248,
877,
844,
95,
54,
236,
376,
189,
458,
29,
436,
509,
262,
434,
234,
236,
416,
100,
356,
472,
897,
346,
133,
812,
4,
160,
332,
939,
131,
946,
241,
793,
554,
10,
505,
237,
321,
554,
456,
302,
533,
482,
405,
547,
856,
457,
417,
238,
537,
238,
348,
672,
208,
873,
258,
369,
661,
689,
430,
646,
35,
272,
542,
490,
825,
558,
356,
956,
444,
309,
94,
799,
715,
188,
940,
423,
505,
91,
384,
147,
492,
880,
615,
896,
