382,
104,
765,
395,
47,
343,
837,
284,
949,
869,
115,
15,
183,
55,
710,
305,
915,
982,
179,
150,
149,
138,
645,
120,
144,
402,
383,
507,
122,
258,
96,
997,
587,
903,
859,
183,
279,
948,
399,
723,
585,
15,
71,
120,
370,
652,
761,
668,
802,
429,
885,
60,
491,
940,
359,
785,
954,
903,
194,
260,
341,
979,
179,
373,
161,
181,
125,
189,
386,
83,
187,
689,
424,
390,
294,
44,
578,
751,
934,
281,
436,
176,
118,
1,
306,
710,
349,
942,
53,
851,
443,
558,
495,
248,
941,
830,
899,
61,
310,
159,
93,
829,
30,
465,
961,
580,
398,
40,
369,
653,
910,
958,
84,
519,
843,
493,
