566,
212,
742,
247,
659,
18,
475,
481,
577,
31,
193,
939,
46,
912,
347,
150,
299,
546,
807,
851,
504,
18,
424,
743,
786,
171,
765,
736,
278,
971,
47,
998,
525,
845,
777,
596,
514,
940,
599,
890,
859,
205,
607,
784,
563,
59,
974,
465,
171,
628,
581,
525,
437,
245,
675,
687,
340,
603,
820,
638,
505,
861,
295,
341,
357,
9,
324,
993,
871,
255,
969,
358,
819,
249,
637,
185,
996,
550,
986,
160,
511,
745,
810,
74,
895,
394,
837,
831,
358,
755,
400,
80,
410,
580,
789,
940,
38,
965,
722,
674,
23,
455,
378,
807,
765,
44,
194,
646,
743,
575,
250,
286,
816,
165,
778,
257,
578,
