6,
315,
237,
989,
221,
886,
766,
574,
321,
962,
60,
242,
429,
687,
918,
417,
981,
588,
854,
212,
773,
266,
291,
153,
492,
952,
51,
512,
887,
585,
828,
584,
520,
973,
3,
573,
119,
418,
132,
557,
780,
558,
602,
792,
203,
650,
697,
488,
557,
297,
355,
882,
663,
71,
511,
395,
320,
85,
160,
541,
821,
173,
460,
403,
474,
299,
366,
576,
194,
878,
768,
10,
58,
703,
148,
541,
764,
26,
364,
714,
677,
488,
574,
278,
377,
583,
140,
45,
113,
644,
906,
356,
604,
6,
683,
683,
275,
177,
251,
274,
201,
838,
489,
557,
211,
68,
403,
415,
327,
621,
973,
609,
569,
683,
600,
977,
64,
737,
785,
321,
